120 43835
119 27431
118 65663
117 24428
116 62948
115 62855
114 26608
113 53474
112 02305
111 34195
110 18102
109 78478
108 41623
107 62054
106 29798
105 58930
104 91066
103 55141
102 25829
101 66810
100 41029
099 47525
098 23193
097 99794
096 09377
095 45059
094 78597
093 12399
092 08656
091 93415
090 15726
089 08516
088 32729
087 85717
086 53203
085 73660
084 33837
083 00441
082 71127
081 53879
080 58031
079 50590
078 57147
077 62555
076 14612
075 21792
074 47238
073 61458
072 14175
071 18916
070 22675
069 78474
068 76913
067 50100
066 63574
065 36395
064 53678
063 98601
062 99490
061 77700
060 85264
059 75374
058 04287
057 30171
056 88825
055 17829
054 81986
053 60807
052 58768
051 24465
050 02465
049 93426
048 51284
047 72289
046 03375
045 90753
044 39277
043 86783
042 44463
041 84903
040 89184
039 30469
038 53289
037 79642
036 43161
035 18042
034 02271
033 54532
032 77802
031 78220
030 15403
029 34300
028 00896
027 69859
026 26972
025 71148
024 51213
023 02987
022 69290
021 46406
020 89229
019 82315
018 09660
017 08548
016 28558
015 33998
014 43608
013 14574
012 77700
011 47211
010 38506
009 53388
008 07097
007 41830
006 30029
005 41560
004 65527
003 68098
002 21898
001 40014
