120 63705
119 05692
118 63065
117 30586
116 06232
115 88157
114 10924
113 94702
112 69274
111 74982
110 34043
109 11143
108 12920
107 46084
106 64250
105 22050
104 10433
103 48079
102 07309
101 64486
100 08673
099 78339
098 79069
097 14839
096 63256
095 29174
094 68222
093 85391
092 72698
091 49888
090 96500
089 70673
088 39667
087 12600
086 41031
085 90806
084 31847
083 48944
082 30149
081 40362
080 11962
079 43397
078 37064
077 23795
076 53272
075 50207
074 07731
073 37045
072 39194
071 59488
070 37990
069 67050
068 96247
067 76922
066 56704
065 70692
064 43541
063 91115
062 67923
061 65554
060 87261
059 93969
058 35152
057 30995
056 05156
055 11225
054 41884
053 36353
052 21168
051 33481
050 21060
049 26552
048 84122
047 95167
046 72287
045 35343
044 19862
043 91331
042 98204
041 33474
040 48974
039 84956
038 16611
037 40040
036 12900
035 84474
034 95734
033 15723
032 60471
031 80876
030 51284
029 74387
028 48878
027 48055
026 29410
025 91472
024 22030
023 65445
022 06978
021 67371
020 55642
019 57523
018 79326
017 12190
016 77214
015 03363
014 51174
013 40378
012 99551
011 17041
010 06368
009 31561
008 87157
007 45842
006 47982
005 48947
004 18315
003 60630
002 86829
001 67090