120 39326
119 75262
118 93772
117 49699
116 87155
115 79970
114 51922
113 80748
112 23489
111 18961
110 36771
109 43394
108 80321
107 02009
106 93230
105 53492
104 90012
103 03782
102 43876
101 50923
100 31777
099 48094
098 10993
097 33866
096 74122
095 69012
094 63803
093 84104
092 43444
091 83940
090 31073
089 19878
088 32086
087 15386
086 84054
085 58902
084 54147
083 10382
082 49264
081 89312
080 12169
079 97636
078 42431
077 51066
076 05559
075 52747
074 70825
073 25706
072 66743
071 16406
070 67965
069 40245
068 36339
067 30158
066 33075
065 73640
064 20040
063 34434
062 90119
061 67293
060 63088
059 04441
058 35852
057 08591
056 84329
055 70193
054 63829
053 27000
052 86300
051 96729
050 51462
049 01661
048 11862
047 76239
046 38333
045 92885
044 33459
043 17837
042 66237
041 51793
040 70445
039 44971
038 33848
037 77936
036 75244
035 08960
034 46772
033 86989
032 60782
031 69240
030 51130
029 71346
028 65081
027 44867
026 07565
025 49664
024 66375
023 53544
022 69644
021 69657
020 38497
019 34853
018 82152
017 68993
016 92492
015 06027
014 39504
013 61671
012 61050
011 99301
010 32633
009 25170
008 77156
007 65131
006 43902
005 50279
004 44983
003 76872
002 60599
001 35512