120 06019
119 78867
118 19033
117 09854
116 05330
115 66623
114 07140
113 64877
112 12859
111 92848
110 28228
109 61922
108 13078
107 15597
106 08443
105 48799
104 11047
103 99476
102 06423
101 06348
100 60606
099 16618
098 18215
097 17980
096 45013
095 48185
094 36151
093 73023
092 27348
091 81934
090 69697
089 41372
088 31536
087 71272
086 66775
085 66525
084 26098
083 33937
082 39964
081 91577
080 68260
079 50876
078 05853
077 00364
076 51331
075 23977
074 69564
073 55757
072 57390
071 51589
070 48951
069 06755
068 34063
067 25750
066 45079
065 03698
064 83906
063 21426
062 14748
061 92197
060 29836
059 82428
058 43342
057 61587
056 31759
055 58767
054 48905
053 86715
052 89484
051 62475
050 96155
049 07525
048 00897
047 94232
046 75767
045 72918
044 39964
043 45997
042 98534
041 77512
040 63781
039 89963
038 06975
037 72050
036 95157
035 06507
034 25068
033 70427
032 58121
031 30335
030 86695
029 42332
028 51446
027 88452
026 98341
025 20445
024 72830
023 48486
022 50064
021 10645
020 13878
019 71736
018 82729
017 85097
016 21837
015 19677
014 58446
013 44130
012 25765
011 64085
010 56841
009 96689
008 44441
007 56047
006 76480
005 42203
004 64206
003 57403
002 14255
001 90797