120 80513
119 75822
118 48872
117 16555
116 17882
115 70526
114 29333
113 09587
112 75539
111 03064
110 17218
109 98288
108 02971
107 02247
106 27939
105 39102
104 81843
103 17193
102 73563
101 22530
100 31848
099 17534
098 81466
097 75893
096 83641
095 91422
094 16033
093 78362
092 72248
091 91308
090 83859
089 02178
088 15666
087 06186
086 66730
085 78257
084 25746
083 02006
082 58478
081 64782
080 24638
079 33561
078 00823
077 76702
076 05695
075 17584
074 59866
073 69044
072 34911
071 32980
070 79839
069 42941
068 06226
067 15062
066 39545
065 39925
064 71436
063 43339
062 86293
061 33417
060 51068
059 84552
058 39293
057 39179
056 61433
055 84511
054 92619
053 28547
052 37309
051 63010
050 56312
049 26165
048 77916
047 28049
046 89946
045 18672
044 40765
043 35302
042 51740
041 17226
040 45899
039 36409
038 87393
037 74191
036 37413
035 87508
034 49129
033 73925
032 62871
031 84792
030 39838
029 15495
028 81456
027 61249
026 80187
025 87716
024 28226
023 11991
022 93772
021 32128
020 93280
019 67063
018 43735
017 34238
016 63203
015 69672
014 49418
013 08397
012 12963
011 98425
010 57261
009 02258
008 86198
007 12908
006 31844
005 59579
004 45960
003 67884
002 89094
001 02599