120 98682
119 15790
118 79323
117 38186
116 62424
115 72288
114 32639
113 37574
112 61866
111 08897
110 22075
109 73763
108 14312
107 19025
106 72379
105 81254
104 52878
103 63152
102 18994
101 15251
100 58992
099 64140
098 12292
097 42173
096 62631
095 40923
094 38758
093 26543
092 42677
091 85522
090 54249
089 82547
088 82734
087 97392
086 73774
085 41779
084 57343
083 30928
082 90022
081 13310
080 57753
079 69130
078 57434
077 09884
076 58256
075 28639
074 29487
073 25553
072 21636
071 18891
070 23843
069 39878
068 18259
067 26583
066 56527
065 54353
064 64105
063 13197
062 58488
061 72126
060 80289
059 59899
058 89422
057 90550
056 47301
055 06405
054 57422
053 43186
052 46065
051 02149
050 43510
049 40466
048 85939
047 51168
046 99860
045 91970
044 85411
043 44637
042 84226
041 33673
040 95710
039 32970
038 61527
037 24535
036 32742
035 04624
034 35953
033 10254
032 36858
031 03331
030 57225
029 02191
028 84524
027 26479
026 91018
025 96025
024 34108
023 41836
022 86013
021 72751
020 50668
019 78986
018 55752
017 76673
016 40994
015 64088
014 01649
013 58801
012 46864
011 96878
010 26541
009 43664
008 12663
007 12594
006 88233
005 89991
004 61522
003 43716
002 60613
001 75275