120 67872
119 92919
118 90605
117 11943
116 73722
115 73121
114 08183
113 70471
112 44023
111 49786
110 55648
109 52500
108 99751
107 57275
106 60396
105 56422
104 32176
103 31174
102 70758
101 05854
100 03363
099 98059
098 62488
097 63556
096 55473
095 03820
094 11729
093 69073
092 45833
091 45388
090 42715
089 76856
088 86625
087 99968
086 06243
085 18155
084 14430
083 12579
082 70308
081 95659
080 43849
079 37110
078 08295
077 41964
076 14878
075 35031
074 90490
073 77572
072 07569
071 34202
070 35993
069 03377
068 74742
067 59038
066 39380
065 77067
064 87479
063 91611
062 69146
061 06515
060 20416
059 44950
058 17706
057 61363
056 31041
055 36175
054 36915
053 24701
052 42760
051 52724
050 52091
049 88852
048 37106
047 26742
046 43877
045 84193
044 04658
043 03435
042 35239
041 15758
040 83820
039 02230
038 61712
037 11924
036 57297
035 21540
034 47073
033 57881
032 19316
031 94167
030 00676
029 15207
028 23606
027 71493
026 75639
025 32252
024 24486
023 39238
022 59318
021 96992
020 70020
019 89416
018 73940
017 47983
016 22299
015 84617
014 19392
013 85666
012 92954
011 42563
010 08840
009 82640
008 70030
007 74662
006 45128
005 91707
004 29153
003 53093
002 95123
001 27009