120 12416
119 87353
118 75783
117 93783
116 92481
115 74489
114 14465
113 42844
112 99843
111 00610
110 22742
109 32837
108 85030
107 64433
106 22094
105 63956
104 81030
103 50638
102 73121
101 58451
100 49458
099 81106
098 11799
097 02763
096 30248
095 16203
094 54827
093 89523
092 41933
091 06150
090 25432
089 29226
088 22941
087 04790
086 34633
085 45415
084 63604
083 81020
082 92100
081 71032
080 41268
079 42503
078 32786
077 39776
076 80172
075 71412
074 02493
073 08484
072 81451
071 59685
070 43551
069 78595
068 83685
067 28230
066 03266
065 58082
064 94483
063 68394
062 66179
061 12356
060 47541
059 39334
058 67847
057 14400
056 76140
055 22848
054 79941
053 57501
052 75191
051 40269
050 56933
049 77452
048 06873
047 97720
046 99723
045 70343
044 29759
043 64739
042 59628
041 39359
040 91975
039 73674
038 13954
037 25273
036 17562
035 05388
034 06467
033 63588
032 05234
031 64128
030 01519
029 48742
028 69768
027 63396
026 92971
025 18101
024 34417
023 96916
022 91289
021 02240
020 94261
019 81023
018 28570
017 65884
016 94968
015 31795
014 56039
013 36994
012 31587
011 93017
010 21204
009 56083
008 73662
007 04351
006 93340
005 92352
004 48403
003 02658
002 96214
001 13795